omega = 3.29 	 gamma = 0.07 	 theta_0 = 0.76
time 	 angle
0.0 	 0.76
0.1 	 0.71
0.2 	 0.59
0.3
0.4 	 0.19
0.5 	 -0.05
0.6 	 -0.29
0.7 	 -0.48
0.8
0.9 	 -0.7
1.0 	 -0.7
1.1 	 -0.62
1.2 	 -0.48
1.3 	 -0.29
1.4 	 -0.07
1.5 	 0.15
1.6 	 0.36
1.7
1.8 	 0.63
1.9 	 0.67
2.0 	 0.63
2.1 	 0.53
2.2 	 0.38
2.3 	 0.18
2.4 	 -0.03
2.5 	 -0.23
2.6 	 -0.41
2.7 	 -0.54
2.8 	 -0.61
2.9 	 -0.62
3.0 	 -0.56
3.1 	 -0.44
3.2 	 -0.27
3.3
3.4 	 0.11
3.5 	 0.3
3.6 	 0.44
3.7 	 0.54
3.8 	 0.58
3.9 	 0.56
4.0
4.1 	 0.34
4.2 	 0.18
4.3 	 -0.01
4.4 	 -0.19
4.5 	 -0.34
4.6 	 -0.46
4.7 	 -0.53
4.8 	 -0.54
4.9 	 -0.49
5.0 	 -0.39
5.1 	 -0.25
5.2 	 -0.09
5.3 	 0.08
5.4 	 0.24
5.5 	 0.38
5.6 	 0.47
5.7 	 0.51
5.8 	 0.49
5.9
6.0 	 0.31
6.1 	 0.17
6.2 	 0.01
6.3 	 -0.15
6.4 	 -0.29
6.5 	 -0.4
6.6 	 -0.46
6.7 	 -0.47
6.8 	 -0.44
6.9 	 -0.36
7.0 	 -0.24
7.1 	 -0.09
7.2 	 0.06
7.3 	 0.2
7.4
7.5 	 0.4
7.6
7.7 	 0.43
7.8 	 0.38
7.9 	 0.29
8.0 	 0.16
8.1 	 0.02
8.2 	 -0.12
8.3
8.4 	 -0.34
8.5 	 -0.4
8.6 	 -0.42
8.7 	 -0.39
8.8 	 -0.32
8.9 	 -0.22
9.0 	 -0.09
9.1 	 0.04
9.2
9.3 	 0.27
9.4 	 0.35
9.5 	 0.39
9.6
9.7
9.8 	 0.26
9.9
10.0
